-71.79800667042337636,4.48914501934520338;-71.79429909668571952,4.48773691582655321;-71.79426226037251979,4.48759390021483462;-71.79419423902980668,4.48731872133582232;-71.79415392177537569,4.48715832634359746;-71.79406174064128265,4.48677707941997284;-71.79397997276151955,4.48649264082599508;-71.79393211244131123,4.48629689144288424;-71.79390442904613678,4.48617545113297655;-71.79378500947412078,4.48569375906161394;-71.79516577675235567,4.48522674608383554;-71.79520259749097022,4.48552742942853566;-71.79528984031063032,4.48552770233961429;-71.79541999968594723,4.48550865191458037;-71.79557731849072866,4.48545128331211274;-71.795543655710091,4.48511937526743854;-71.79646320293421979,4.48483232336408211;-71.79668410623659724,4.48490327523239518;-71.79721499283493813,4.48547022871253009;-71.79721348943637338,4.48562588474555568;-71.79725525215057758,4.48564956920282931;-71.79734623487159695,4.48559557711991364;-71.79739588423014141,4.48570838151726647;-71.7975059937410407,4.48568192484459605;-71.79800667042337636,4.48914501934520338
-71.79777758687214373,4.48756048470336744;-71.80251960379183629,4.48935915379818784;-71.80251833567810138,4.48936384673901223;-71.80251456708046476,4.48937779328363273;-71.80251437431606121,4.48944000599269799;-71.80252754742463139,4.48946974563993351;-71.80255034209426412,4.48952281330469027;-71.80271740443195938,4.48961447846477135;-71.80291313306986467,4.48967551043145097;-71.80314978543924553,4.48970185106738207;-71.80320471865182697,4.48975629912709184;-71.8031615511447967,4.48985652504658539;-71.80307361946591982,4.48991359958488534;-71.80296746343400116,4.48992453328638241;-71.80272356672585943,4.48993094075089694;-71.80260309027183041,4.48995309466380377;-71.80245506949742662,4.48997311440329838;-71.80234976885375886,4.49003730321449979;-71.8021782123387311,4.49007875524749434;-71.80183641175931086,4.49006744726349449;-71.80152733692183631,4.49003268732272165;-71.80104082472153948,4.4899615300721587;-71.80085690924973107,4.49003981026831944;-71.80044011521370351,4.49019109705892472;-71.80007035626765344,4.49039347876563166;-71.79986587392691888,4.49052289860793863;-71.7997716799010135,4.4906250127637648;-71.79955982587659946,4.49082814356058346;-71.79935322628337246,4.4909821345754013;-71.7992294279762433,4.49100606955337245;-71.79923824278466782,4.49104270815384332;-71.7995506679050095,4.4911486536282732;-71.79954927719241198,4.49118577237216954;-71.79951182299903678,4.49125324490943534;-71.79836250484555649,4.49160628010809315;-71.79777758687214373,4.48756048470336744
-71.80251960379183629,4.48935915379818784;-71.79777758687214373,4.48756048470336744;-71.7975059937410407,4.48568192484459605;-71.79778086036577633,4.48561588090153407;-71.79768351112331004,4.48509073360112787;-71.79754494050521885,4.48502527128512618;-71.79753232483224679,4.48465144120358339;-71.79749118361610272,4.48451910856441049;-71.79994267245129436,4.4836894150417379;-71.79993751232586874,4.48379052740568262;-71.7999107221564401,4.4838744188335653;-71.7998808454385653,4.48396649331038866;-71.79982558282794969,4.48401854921593568;-71.79978053357972101,4.4840675647318875;-71.79976807635898695,4.48413613958883062;-71.79973530027895379,4.48417597663107959;-71.79971373256599065,4.4842209690808188;-71.79973193766258532,4.48427325426563073;-71.79976950786986833,4.48433276849194495;-71.79981315914231743,4.48440561481229683;-71.79984347242115916,4.48450197347447777;-71.7998431233522183,4.48461462180594861;-71.79983939253745007,4.48466607046461263;-71.79981016635119317,4.48471283115794606;-71.79979970860712513,4.48479472536434898;-71.79977199315371195,4.48484789130274741;-71.79967460181995875,4.48499428753968221;-71.79964684587680779,4.4850605104283181;-71.79967416778247014,4.48513432987875227;-71.7998453546858002,4.48521167069768367;-71.79996448921414753,4.48529294535566159;-71.80013239924812751,4.48543991374838402;-71.80021480943020151,4.48551800150731772;-71.80025308273498297,4.48567992654470515;-71.80025374132989668,4.48579667439392704;-71.80026962956564773,4.48593804784515893;-71.80023755954846365,4.48607927158849851;-71.8002231027220148,4.48613452709570915;-71.79998443339141545,4.48626563302108572;-71.79991082893546661,4.48630943889361422;-71.79984202177624297,4.48628695019071078;-71.79927322848237736,4.48675522907600932;-71.79927401704220813,4.48682998975795932;-71.79924825643874442,4.48691081202139852;-71.79921137635601269,4.48695780473685613;-71.79914890714873366,4.48703031963945165;-71.79910379406618404,4.4870998164953857;-71.79907497543214845,4.48717960509947034;-71.79904105484318677,4.48725937775975314;-71.79900318609941223,4.48729612651003595;-71.79894386694662956,4.48733997683271024;-71.79889979326645744,4.48740333239405587;-71.79891497203520601,4.48744434321621544;-71.79897918349001884,4.48746809779422495;-71.79903739014798703,4.48745394246245066;-71.7991446294894331,4.48742253086552978;-71.79920392641388105,4.48738584905031335;-71.79931333674639404,4.48731245670858936;-71.79940527340977496,4.48727997316861149;-71.79950634593758707,4.48726287942912716;-71.79960541897155224,4.4872324663176455;-71.7997227828023199,4.48722668836632277;-71.79984023554749228,4.4871922362765444;-71.79994647988142731,4.48715262873175824;-71.80008441660679352,4.48709366250066832;-71.80018560977541142,4.48703765376094843;-71.80032144538533601,4.48699813853614149;-71.80045320578254575,4.48695656238359497;-71.80054871219218171,4.48692460183846098;-71.80063157798959139,4.4868557347147453;-71.80070812307624806,4.48685085323091126;-71.80078463484237261,4.4868567245401918;-71.80090906526233141,4.48687554649281228;-71.80096465429167552,4.48688288860752582;-71.80104832784584801,4.48688263772698992;-71.80110989166531965,4.48693761850136585;-71.80115000508941137,4.48699970093245692;-71.80119004236038904,4.48708636120391269;-71.80122608851345944,4.48714382255408317;-71.80123293137025087,4.4872406200916366;-71.80125002890270025,4.48732106425148469;-71.80130946947819837,4.48740266465956772;-71.80132464682037607,4.48744418753850383;-71.80138167764474133,4.48748020857183594;-71.80150147997838417,4.48751079303689426;-71.80156306450518855,4.48755911731647927;-71.80160977721379822,4.48763197326559826;-71.80162492284344466,4.48768373691838729;-71.80167009545533574,4.48775966032453955;-71.80171683039223751,4.48782534773941322;-71.80175790558533322,4.48790637879589394;-71.80185572200583977,4.48795225593398506;-71.8019499527936631,4.48800273026718521;-71.80196296098651487,4.48801258522247171;-71.8019703130426592,4.48801815511086133;-71.80208443198280577,4.48807176376104167;-71.80216488751511861,4.48812219509500032;-71.80221897760040406,4.48814875209929021;-71.80227056258412688,4.48826640910573627;-71.80232655014208376,4.48830985149768047;-71.80238050961186502,4.48834919121091147;-71.80246508008427497,4.4883888824593674;-71.80252482859053487,4.48837114735656595;-71.80259773276367241,4.48838878431250432;-71.80269559692469272,4.48841930023164259;-71.80273008727917272,4.48848494944496945;-71.80278085793695197,4.48856549872375066;-71.80285660604209852,4.48865329454541939;-71.80286765273618244,4.48871067792015666;-71.80289854001135552,4.48878655677533711;-71.80292209578941254,4.48892334597770937;-71.80290043118417032,4.48899957291785867;-71.8028675358896038,4.48907781298876696;-71.802826025923423,4.48913708055294691;-71.80273754608487025,4.48920644242249445;-71.80262976281886722,4.48924860571525475;-71.8026000920634857,4.48927411531078491;-71.8025530444598985,4.48930929950615987;-71.80252230888331155,4.48934914299677335;-71.80251960379183629,4.48935915379818784
-71.79429909668571952,4.48773691582655321;-71.79800667042337636,4.48914501934520338;-71.79836250484555649,4.49160628010809315;-71.79835587769100869,4.49160831575905384;-71.7978277405203329,4.49179765517160945;-71.79735142856195296,4.49205628191347905;-71.79665232023815236,4.49242685979583811;-71.79599858079171781,4.49280986774147006;-71.79565707630011673,4.49303153594845828;-71.79559279884861667,4.49286492118049186;-71.79455602462816444,4.48877814645977313;-71.79448859942800709,4.4884753191631388;-71.79441695737682494,4.48821600215589989;-71.7943459433130613,4.48791879611008593;-71.79429909668571952,4.48773691582655321
-71.82358428892017344,4.47479136891656104;-71.82507015759026103,4.47299934314554459;-71.82515896381819687,4.47301052724260018;-71.8255403048789276,4.47678311608824941;-71.82378543766340329,4.47691316958099339;-71.82358428892017344,4.47479136891656104
-71.82230804936595803,4.47621075099323029;-71.82358058287107383,4.47479330802861686;-71.8240359295804609,4.47963039214023606;-71.82264031649890512,4.47957968961510833;-71.82230804936595803,4.47621075099323029
-71.82865786305367806,4.46992716350322361;-71.82902621075000127,4.47373662988448917;-71.82757001797627083,4.4738321501579188;-71.82725942067929736,4.47075761643564995;-71.82737847525730501,4.4705979145260093;-71.82752022428519467,4.47047361505699037;-71.82865786305367806,4.46992716350322361
-71.83541505263910665,4.47618681220899983;-71.83541817103339611,4.47618687397226189;-71.83579604825436604,4.48007243859848803;-71.83452665877119614,4.48003179458442524;-71.83416524539470061,4.47630325582892041;-71.83541505263910665,4.47618681220899983
-71.8354742440599523,4.47334433843719115;-71.8389065484833651,4.47304872340840021;-71.83904392953856188,4.47442878160485868;-71.83561317713598271,4.47472462428862361;-71.8354742440599523,4.47334433843719115
-71.83808603154170669,4.47597424034063973;-71.83808728740109473,4.47597392154623908;-71.83808730660651065,4.47597411886582375;-71.83808603154170669,4.47597424034063973
-71.83845649816309731,4.46791171437138868;-71.83840026912247367,4.46734427324792804;-71.84249700028479424,4.46700016484189;-71.84238942508839898,4.46573285466583236;-71.8423563532319065,4.46535425345256165;-71.84414215654203417,4.46742408554379633;-71.83845649816309731,4.46791171437138868
-71.83845741146618025,4.46793096405409784;-71.8425856510078944,4.46758335325120104;-71.84263989303677533,4.46816303245629243;-71.8385149365905562,4.4685035719608539;-71.83845741146618025,4.46793096405409784
-71.84299445573891774,4.4718066952304989;-71.84336829029429339,4.47548392953661001;-71.84061126213440218,4.47571357909287038;-71.83924018267202882,4.47584165739902851;-71.83887745840841887,4.47216358116505219;-71.8429860703708556,4.47180908551389944;-71.84299445573891774,4.4718066952304989
-71.8420335654678297,4.48083362542231889;-71.84150012269547858,4.47565947619762294;-71.84245846627540288,4.47559013589655041;-71.84296573859539592,4.4805192114398622;-71.84257624921180252,4.48082230285840133;-71.84259225185265052,4.48109059916396557;-71.8420335654678297,4.48083362542231889
-71.8441525993752208,4.46744103472608067;-71.84415703541529297,4.46744118692213021;-71.84714666578159381,4.47087260752960791;-71.84717115314516889,4.47117265204521619;-71.84304265076539764,4.47152803565164447;-71.84264729523836479,4.46765882652433266;-71.84280054553444472,4.46756467512255107;-71.8441525993752208,4.46744103472608067
-71.84733731295384018,4.4728594512912947;-71.84320255504682962,4.47321567050556634;-71.84304345584700968,4.47154831263815922;-71.84717321227120124,4.4711924963421108;-71.84733731295384018,4.4728594512912947
-71.8475912588113772,4.47545257892115611;-71.84796735461219441,4.47909091427121187;-71.84382842969480976,4.47945372642145312;-71.84346187899278391,4.47580900821838323;-71.8475912588113772,4.47545257892115611
-71.84759246800943799,4.47484033957564709;-71.85031874007924557,4.47460614582118588;-71.85156281835911329,4.47608190588916521;-71.8477534347484692,4.47641122365522559;-71.84759246800943799,4.47484033957564709
-71.84803148712659038,4.4791162047021098;-71.85129546319659255,4.47883092640089586;-71.8516720605231427,4.47911158708323232;-71.85168742783311302,4.47926139489571096;-71.85147229972393745,4.4794604361900987;-71.85143217756848344,4.47954081446261476;-71.85113439469861873,4.47976969535824399;-71.85116652299159057,4.48012215694485505;-71.85153939915858246,4.48032336837314027;-71.85152152898959343,4.48042182429616886;-71.85137179108619421,4.48082556681189015;-71.85104716399999347,4.48126817943738853;-71.85112192137441411,4.48164274945886021;-71.85133069164743347,4.48175496630759795;-71.85136443853083676,4.48211116198532267;-71.8511264470315183,4.48250663448872277;-71.85087560561038345,4.48263709985355163;-71.85074300556486548,4.48267195505091376;-71.85049607665814619,4.48261087694304194;-71.85032654267457985,4.48245614739449216;-71.84916384453329385,4.48192516633020066;-71.84904940594749689,4.48163619366170263;-71.84899463923460416,4.48127941741947122;-71.848838844717406,4.48106860937320217;-71.84857873017010377,4.48077556099049978;-71.84818397133909684,4.48052347680355201;-71.84803148712659038,4.4791162047021098
-71.8475912588113772,4.47545257892115611;-71.84346187899278391,4.47580900821838323;-71.84332960622191422,4.4744654119314502;-71.8474604226849749,4.47411002271367941;-71.8475912588113772,4.47545257892115611
-71.83849447590350223,4.48015748092461941;-71.83720591614850548,4.4801220692678605;-71.83680504020860269,4.47608550922764437;-71.83808603154170669,4.47597424034063973;-71.83849447590350223,4.48015748092461941
-71.83680504020860269,4.47608550922764437;-71.83720591614850548,4.4801220692678605;-71.83579604825436604,4.48007243859848803;-71.83541817103339611,4.47618687397226189;-71.83680504020860269,4.47608550922764437
-71.83452665877119614,4.48003179458442524;-71.83320579062524303,4.47998462979371581;-71.83248000000000388,4.47646500000000014;-71.83416524539470061,4.47630325582892041;-71.83452665877119614,4.48003179458442524
-71.83539837028369845,4.47327376600388771;-71.83183907243503086,4.47356648955114355;-71.83150661539229986,4.47212124996609006;-71.83524413087870641,4.47183996917608972;-71.83539837028369845,4.47327376600388771
-71.83524413087870641,4.47183996917608972;-71.83150661539229986,4.47212124996609006;-71.83140789968039996,4.47160370716982936;-71.83134299132440503,4.47085517046975056;-71.83510822099110271,4.4705130478830597;-71.83524413087870641,4.47183996917608972
-71.83510822099110271,4.4705130478830597;-71.83134299132440503,4.47085517046975056;-71.83120508984400487,4.46949340639446113;-71.83499655993371391,4.46918179472683086;-71.83510822099110271,4.4705130478830597
-71.83499655993371391,4.46918179472683086;-71.83120508984400487,4.46949340639446113;-71.83118938031439882,4.46942029785413908;-71.83113444759949573,4.46937991787292965;-71.83155990940109348,4.46916433666109914;-71.83197468445985123,4.46894263754033716;-71.83178832259912383,4.46840652807797856;-71.83178903190699316,4.46840475187545039;-71.83204570223570329,4.46827945441687913;-71.83230368130810461,4.46815495425633191;-71.83256393091471637,4.46803021264374145;-71.83282458187970576,4.46790242269460069;-71.83307997001530509,4.46778192030721044;-71.83333824393100997,4.46765685524483036;-71.83359780388960303,4.46753153986109997;-71.83385586868590167,4.46740830353626883;-71.83411205791830412,4.46728396398214134;-71.83437073786660676,4.46715955539629039;-71.83463004127899865,4.46703374204720038;-71.83475502893800524,4.46697379609565104;-71.83499655993371391,4.46918179472683086
-71.84249700028479424,4.46700016484189;-71.83840026912247367,4.46734427324792804;-71.8382653821088013,4.46604671689386024;-71.84238942508839898,4.46573285466583236;-71.84249700028479424,4.46700016484189
-71.83876048823353244,4.47097061098680371;-71.8385149365905562,4.4685035719608539;-71.84263989303677533,4.46816303245629243;-71.84287909930380067,4.47063506753631223;-71.83876048823353244,4.47097061098680371
-71.83507405730959761,4.46921530085761454;-71.83484756137480076,4.46692874445539179;-71.83514214692389999,4.46678876368186195;-71.83539991945619363,4.46666347076804016;-71.83566005254110109,4.46653964574212825;-71.83591680864529394,4.46641872542244034;-71.83617791159960575,4.46629181892437987;-71.83643717897419378,4.46616619997763298;-71.83669287659249392,4.46604651868196978;-71.83695279840939918,4.46591969332877881;-71.83721137368300447,4.46579575496160963;-71.83747081795000611,4.46567184881682966;-71.83772921279739876,4.46555068780367925;-71.83798482369330429,4.4654262512047973;-71.83814547687640584,4.46534880131717138;-71.83848711821205768,4.46892097725593462;-71.83507405730959761,4.46921530085761454
-71.82780277464419783,4.47977197725087262;-71.82750707604689921,4.47687182177962217;-71.8310800237999274,4.47656296684508614;-71.83141295157329864,4.4799179709941539;-71.82780277464419783,4.47977197725087262
-71.82757001797627083,4.4738321501579188;-71.82532947225135445,4.4740381212649325;-71.82519454172690132,4.47282557396528002;-71.82540425398090633,4.47256768140204208;-71.82559046895809729,4.47235090938276958;-71.82577247409069798,4.47212927557039031;-71.82595664470150609,4.4719097911211918;-71.82613537495899436,4.47168973162565031;-71.82632937233660186,4.4714743465451896;-71.82654547519399557,4.47128847993800793;-71.82676174651520284,4.47110531105097131;-71.82698327022049511,4.47091871649474992;-71.82708392985290402,4.47083407343602879;-71.82725942067929736,4.47075761643564995;-71.82757001797627083,4.4738321501579188
-71.82091639536963612,4.47951884695740254;-71.81987771775654039,4.47947302294505878;-71.81812995816251544,4.47932381328780238;-71.81835679696594354,4.47773607466768908;-71.81955134265483309,4.47733893572895791;-71.82070036788289258,4.47698325160777344;-71.82091639536963612,4.47951884695740254
-71.83107918160570193,4.47654861353268174;-71.8299637493817329,4.47664752143337719;-71.82921758146669333,4.47670491896530365;-71.82831703398302636,4.47678606720009764;-71.82743034107602398,4.47686523620965104;-71.82562088234304554,4.47703043862248151;-71.82532947225135445,4.4740381212649325;-71.82757001797627083,4.4738321501579188;-71.82902621075000127,4.47373662988448917;-71.82912257865523031,4.47370837195369386;-71.83076161949800564,4.47357302023519399;-71.83092248696837601,4.47507829292061299;-71.83107918160570193,4.47654861353268174
-71.89466632726721684,4.35731652778401823;-71.89466777727733415,4.35730724592298113;-71.89457342883828517,4.35697295118854733;-71.89458037161853099,4.35688485039230144;-71.89453251889798935,4.35684757310342796;-71.89452197742853912,4.35683936129376548;-71.89452438396868672,4.35681906282824549;-71.89453311750435205,4.3567453979688695;-71.89449132556821098,4.3567032039093796;-71.89448059760675847,4.35669237272237275;-71.8944829821296878,4.35667396287614572;-71.89450026542546368,4.35654052611827236;-71.89443857055809417,4.35647992098276227;-71.89445133433675039,4.35640274732724375;-71.89439879267071376,4.35635727525196526;-71.89441070342856221,4.35628597384979788;-71.89435642542223093,4.35623042282813522;-71.89434984949416219,4.35622369267025089;-71.89435086433176991,4.35621093301575524;-71.89435592228664973,4.35614733881765748;-71.89431215887218229,4.35607528297238922;-71.89431098757643213,4.35607335445033605;-71.89431117555297135,4.35607183675844034;-71.89432896384367666,4.35592821691941268;-71.89426388117028921,4.3558827084046694;-71.89427417545044818,4.35579209962135039;-71.89422329627997499,4.35574998938053692;-71.8942318917885359,4.35566860738130401;-71.894181048938961,4.35561390854026165;-71.89418904318549153,4.35545111781526728;-71.89413649674042972,4.35540732424210475;-71.89414259855416844,4.35532089951534918;-71.8940858863010277,4.35527205835438824;-71.89410305791271583,4.35511600828652057;-71.89405050906857753,4.35507305396132605;-71.89400241168516459,4.35493611689499094;-71.89401351536687912,4.35485474219325219;-71.89395680798808996,4.35480422256365163;-71.89396728134281034,4.35465151002778228;-71.89391226063568752,4.3545959598228583;-71.89386668841461869,4.35445315538289979;-71.89388053990118976,4.35428870321160399;-71.89382212169847719,4.35425160657789778;-71.89377730204759587,4.35413775835919825;-71.89377257609528726,4.35403703498409378;-71.89371675567113584,4.35396889376494656;-71.89374147357273159,4.35380531242964341;-71.89368772603711477,4.35375511665868409;-71.89369876708794038,4.3536834975184906;-71.89363916502249197,4.35362205929639856;-71.89364352021931381,4.35356143635986026;-71.89359021770486891,4.35348994548272472;-71.89359984039305118,4.35334226598517038;-71.89354981922747356,4.35329260506862425;-71.89342656201380066,4.35283569662274417;-71.89380036637794547,4.3527075230871608;-71.89383915361774768,4.35269422334050127;-71.89384838015384105,4.35269788628868248;-71.89392433551384443,4.35272804067181784;-71.89431109963409483,4.3526050141232977;-71.89436618696936421,4.35258749126374234;-71.89437390971480113,4.35259240752145349;-71.89442710849151297,4.35262627357026233;-71.89468862208941857,4.35252924155435039;-71.89473009079431165,4.35251385499198218;-71.89473697690664267,4.3525195362380078;-71.8947984861510605,4.35257028317629491;-71.89517026825780022,4.35243256997826311;-71.89526383931780629,4.35239790992956177;-71.89527857880941042,4.35241083083301294;-71.89537142103621647,4.35249221798714991;-71.89545591689841331,4.3524739998015356;-71.89548038039897904,4.35239853849146918;-71.89565051867330681,4.35233617818034624;-71.89568710869512813,4.3523227669334128;-71.8956935351048827,4.35232754426858914;-71.89574717733702869,4.35236742141784205;-71.89607696668738868,4.35225058483993621;-71.89618656404802266,4.3522117570370078;-71.89622069636345714,4.35222173646860444;-71.89628513769885387,4.35224057749197613;-71.89657152554704567,4.35215132045910913;-71.89664664576979192,4.3521279080996047;-71.89665706525721589,4.35213415149011773;-71.89671842425943282,4.35217091799857148;-71.89704960202909945,4.35205536393852821;-71.89709069629110161,4.35204711573851633;-71.89716007913365559,4.35207239330557272;-71.89733804514993665,4.35203664102550469;-71.89721298195783561,4.35270348255109152;-71.89726291503014011,4.35275680670629939;-71.89706144031652002,4.35406300965883819;-71.89711963410078965,4.35411526280788941;-71.89692204246206586,4.35524993329683863;-71.89696106726103153,4.35530726256310086;-71.89676341589411379,4.35662651666062217;-71.89468749109209966,4.35739070008027429;-71.89466632726721684,4.35731652778401823
-71.8842711011425024,4.35677080440318765;-71.8831750415450017,4.3566525847832871;-71.88272613703271929,4.35565648440664344;-71.88276045516900581,4.35557612056625043;-71.8823270721224219,4.35465955066226229;-71.88290435671731871,4.3539671156940658;-71.88231201552564187,4.35257814118512698;-71.88244132495945848,4.35255324475637551;-71.8842711011425024,4.35677080440318765
-71.84389229150650635,4.48075981361326381;-71.84334881364831915,4.48051349594720616;-71.84324241096656749,4.48060060789905901;-71.84296573859539592,4.4805192114398622;-71.84245846627540288,4.47559013589655041;-71.84336943868279945,4.47551449693722958;-71.84389229150650635,4.48075981361326381
-71.84097936857254751,4.48034873501736453;-71.8409597407347178,4.48034022837886159;-71.84070104593116923,4.48025484636024807;-71.83969311411863146,4.48020726685334392;-71.83924993488219002,4.47587484521989687;-71.84051109874415886,4.47574209374872378;-71.84097936857254751,4.48034873501736453
